
110101001#1#1#1#0#0#
110101002#1#1#2#50#10000#
110101003#1#1#3#100#20000#
110101004#1#1#4#150#30000#
110101005#1#1#5#200#40000#
110101006#1#1#6#250#50000#
110101007#1#1#7#300#60000#
110101008#1#1#8#350#70000#
110101009#1#1#9#400#80000#
110101010#1#1#10#450#90000#
110101011#1#1#11#500#100000#
110101012#1#1#12#550#110000#
110101013#1#1#13#600#120000#
110101014#1#1#14#650#130000#
110101015#1#1#15#700#140000#
110101016#1#1#16#750#150000#
110101017#1#1#17#800#160000#
110101018#1#1#18#850#170000#
110101019#1#1#19#900#180000#
110101020#1#1#20#950#190000#
110102001#1#2#1#0#0#
110102002#1#2#2#50#10000#
110102003#1#2#3#100#20000#
110102004#1#2#4#150#30000#
110102005#1#2#5#200#40000#
110102006#1#2#6#250#50000#
110102007#1#2#7#300#60000#
110102008#1#2#8#350#70000#
110102009#1#2#9#400#80000#
110102010#1#2#10#450#90000#
110102011#1#2#11#500#100000#
110102012#1#2#12#550#110000#
110102013#1#2#13#600#120000#
110102014#1#2#14#650#130000#
110102015#1#2#15#700#140000#
110102016#1#2#16#750#150000#
110102017#1#2#17#800#160000#
110102018#1#2#18#850#170000#
110102019#1#2#19#900#180000#
110102020#1#2#20#950#190000#
110103001#1#3#1#0#0#
110103002#1#3#2#50#10000#
110103003#1#3#3#100#20000#
110103004#1#3#4#150#30000#
110103005#1#3#5#200#40000#
110103006#1#3#6#250#50000#
110103007#1#3#7#300#60000#
110103008#1#3#8#350#70000#
110103009#1#3#9#400#80000#
110103010#1#3#10#450#90000#
110103011#1#3#11#500#100000#
110103012#1#3#12#550#110000#
110103013#1#3#13#600#120000#
110103014#1#3#14#650#130000#
110103015#1#3#15#700#140000#
110103016#1#3#16#750#150000#
110103017#1#3#17#800#160000#
110103018#1#3#18#850#170000#
110103019#1#3#19#900#180000#
110103020#1#3#20#950#190000#
110104001#1#4#1#0#0#
110104002#1#4#2#50#10000#
110104003#1#4#3#100#20000#
110104004#1#4#4#150#30000#
110104005#1#4#5#200#40000#
110104006#1#4#6#250#50000#
110104007#1#4#7#300#60000#
110104008#1#4#8#350#70000#
110104009#1#4#9#400#80000#
110104010#1#4#10#450#90000#
110104011#1#4#11#500#100000#
110104012#1#4#12#550#110000#
110104013#1#4#13#600#120000#
110104014#1#4#14#650#130000#
110104015#1#4#15#700#140000#
110104016#1#4#16#750#150000#
110104017#1#4#17#800#160000#
110104018#1#4#18#850#170000#
110104019#1#4#19#900#180000#
110104020#1#4#20#950#190000#
110105001#2#1#1#5#0#110201001;110201002;110201003;110201004;110201005;110201006;110201007
110105002#2#1#2#200#0#110201001;110201002;110201003;110201004;110201005;110201006;110201007
110105003#2#1#3#300#0#110201001;110201002;110201003;110201004;110201005;110201006;110201007
110105004#2#1#4#400#0#110201001;110201002;110201003;110201004;110201005;110201006;110201007
110105005#2#1#5#500#0#110201001;110201002;110201003;110201004;110201005;110201006;110201007;110201008;110201009;110201010;110201011;110201012;110201013;110201014;110201015
110105006#2#1#6#600#0#110201001;110201002;110201003;110201004;110201005;110201006;110201007;110201008;110201009;110201010;110201011;110201012;110201013;110201014;110201015
110105007#2#1#7#700#0#110201001;110201002;110201003;110201004;110201005;110201006;110201007;110201008;110201009;110201010;110201011;110201012;110201013;110201014;110201015
110105008#2#1#8#800#0#110201001;110201002;110201003;110201004;110201005;110201006;110201007;110201008;110201009;110201010;110201011;110201012;110201013;110201014;110201015
110105009#2#1#9#900#0#110201001;110201002;110201003;110201004;110201005;110201006;110201007;110201008;110201009;110201010;110201011;110201012;110201013;110201014;110201015
110105010#2#1#10#1000#0#110201001;110201002;110201003;110201004;110201005;110201006;110201007;110201008;110201009;110201010;110201011;110201012;110201013;110201014;110201015;110201016;110201017;110201018;110201019;110201020;110201021;110201022;110201023
110105011#2#1#11#1100#0#110201001;110201002;110201003;110201004;110201005;110201006;110201007;110201008;110201009;110201010;110201011;110201012;110201013;110201014;110201015;110201016;110201017;110201018;110201019;110201020;110201021;110201022;110201023
110105012#2#1#12#1200#0#110201001;110201002;110201003;110201004;110201005;110201006;110201007;110201008;110201009;110201010;110201011;110201012;110201013;110201014;110201015;110201016;110201017;110201018;110201019;110201020;110201021;110201022;110201023
110105013#2#1#13#1300#0#110201001;110201002;110201003;110201004;110201005;110201006;110201007;110201008;110201009;110201010;110201011;110201012;110201013;110201014;110201015;110201016;110201017;110201018;110201019;110201020;110201021;110201022;110201023
110105014#2#1#14#1400#0#110201001;110201002;110201003;110201004;110201005;110201006;110201007;110201008;110201009;110201010;110201011;110201012;110201013;110201014;110201015;110201016;110201017;110201018;110201019;110201020;110201021;110201022;110201023
110105015#2#1#15#1500#0#110201001;110201002;110201003;110201004;110201005;110201006;110201007;110201008;110201009;110201010;110201011;110201012;110201013;110201014;110201015;110201016;110201017;110201018;110201019;110201020;110201021;110201022;110201023
110105016#2#1#16#1600#0#110201001;110201002;110201003;110201004;110201005;110201006;110201007;110201008;110201009;110201010;110201011;110201012;110201013;110201014;110201015;110201016;110201017;110201018;110201019;110201020;110201021;110201022;110201023
110105017#2#1#17#1700#0#110201001;110201002;110201003;110201004;110201005;110201006;110201007;110201008;110201009;110201010;110201011;110201012;110201013;110201014;110201015;110201016;110201017;110201018;110201019;110201020;110201021;110201022;110201023
110105018#2#1#18#1800#0#110201001;110201002;110201003;110201004;110201005;110201006;110201007;110201008;110201009;110201010;110201011;110201012;110201013;110201014;110201015;110201016;110201017;110201018;110201019;110201020;110201021;110201022;110201023
110105019#2#1#19#1900#0#110201001;110201002;110201003;110201004;110201005;110201006;110201007;110201008;110201009;110201010;110201011;110201012;110201013;110201014;110201015;110201016;110201017;110201018;110201019;110201020;110201021;110201022;110201023
110105020#2#1#20#2000#0#110201001;110201002;110201003;110201004;110201005;110201006;110201007;110201008;110201009;110201010;110201011;110201012;110201013;110201014;110201015;110201016;110201017;110201018;110201019;110201020;110201021;110201022;110201023
110106001#2#2#1#5#0#110202001;110202002;110202003;110202004;110202005;110202006;110202007;110202008;110202009;110202010;110202011;110202012;110202013;110202014;110202015
110106002#2#2#2#200#0#110202001;110202002;110202003;110202004;110202005;110202006;110202007;110202008;110202009;110202010;110202011;110202012;110202013;110202014;110202015
110106003#2#2#3#300#0#110202001;110202002;110202003;110202004;110202005;110202006;110202007;110202008;110202009;110202010;110202011;110202012;110202013;110202014;110202015
110106004#2#2#4#400#0#110202001;110202002;110202003;110202004;110202005;110202006;110202007;110202008;110202009;110202010;110202011;110202012;110202013;110202014;110202015
110106005#2#2#5#500#0#110202001;110202002;110202003;110202004;110202005;110202006;110202007;110202008;110202009;110202010;110202011;110202012;110202013;110202014;110202015;110202016;110202017;110202018;110202019;110202020;110202021;110202022;110202023;110202024;110202025;110202026;110202027;110202028;110202029;110202030;110202031
110106006#2#2#6#600#0#110202001;110202002;110202003;110202004;110202005;110202006;110202007;110202008;110202009;110202010;110202011;110202012;110202013;110202014;110202015;110202016;110202017;110202018;110202019;110202020;110202021;110202022;110202023;110202024;110202025;110202026;110202027;110202028;110202029;110202030;110202031
110106007#2#2#7#700#0#110202001;110202002;110202003;110202004;110202005;110202006;110202007;110202008;110202009;110202010;110202011;110202012;110202013;110202014;110202015;110202016;110202017;110202018;110202019;110202020;110202021;110202022;110202023;110202024;110202025;110202026;110202027;110202028;110202029;110202030;110202031
110106008#2#2#8#800#0#110202001;110202002;110202003;110202004;110202005;110202006;110202007;110202008;110202009;110202010;110202011;110202012;110202013;110202014;110202015;110202016;110202017;110202018;110202019;110202020;110202021;110202022;110202023;110202024;110202025;110202026;110202027;110202028;110202029;110202030;110202031
110106009#2#2#9#900#0#110202001;110202002;110202003;110202004;110202005;110202006;110202007;110202008;110202009;110202010;110202011;110202012;110202013;110202014;110202015;110202016;110202017;110202018;110202019;110202020;110202021;110202022;110202023;110202024;110202025;110202026;110202027;110202028;110202029;110202030;110202031
110106010#2#2#10#1000#0#110202001;110202002;110202003;110202004;110202005;110202006;110202007;110202008;110202009;110202010;110202011;110202012;110202013;110202014;110202015;110202016;110202017;110202018;110202019;110202020;110202021;110202022;110202023;110202024;110202025;110202026;110202027;110202028;110202029;110202030;110202031;110202032;110202033;110202034;110202035;110202036;110202037;110202038;110202039;110202040;110202041;110202042;110202043;110202044;110202045;110202046;110202047
110106011#2#2#11#1100#0#110202001;110202002;110202003;110202004;110202005;110202006;110202007;110202008;110202009;110202010;110202011;110202012;110202013;110202014;110202015;110202016;110202017;110202018;110202019;110202020;110202021;110202022;110202023;110202024;110202025;110202026;110202027;110202028;110202029;110202030;110202031;110202032;110202033;110202034;110202035;110202036;110202037;110202038;110202039;110202040;110202041;110202042;110202043;110202044;110202045;110202046;110202047
110106012#2#2#12#1200#0#110202001;110202002;110202003;110202004;110202005;110202006;110202007;110202008;110202009;110202010;110202011;110202012;110202013;110202014;110202015;110202016;110202017;110202018;110202019;110202020;110202021;110202022;110202023;110202024;110202025;110202026;110202027;110202028;110202029;110202030;110202031;110202032;110202033;110202034;110202035;110202036;110202037;110202038;110202039;110202040;110202041;110202042;110202043;110202044;110202045;110202046;110202047
110106013#2#2#13#1300#0#110202001;110202002;110202003;110202004;110202005;110202006;110202007;110202008;110202009;110202010;110202011;110202012;110202013;110202014;110202015;110202016;110202017;110202018;110202019;110202020;110202021;110202022;110202023;110202024;110202025;110202026;110202027;110202028;110202029;110202030;110202031;110202032;110202033;110202034;110202035;110202036;110202037;110202038;110202039;110202040;110202041;110202042;110202043;110202044;110202045;110202046;110202047
110106014#2#2#14#1400#0#110202001;110202002;110202003;110202004;110202005;110202006;110202007;110202008;110202009;110202010;110202011;110202012;110202013;110202014;110202015;110202016;110202017;110202018;110202019;110202020;110202021;110202022;110202023;110202024;110202025;110202026;110202027;110202028;110202029;110202030;110202031;110202032;110202033;110202034;110202035;110202036;110202037;110202038;110202039;110202040;110202041;110202042;110202043;110202044;110202045;110202046;110202047
110106015#2#2#15#1500#0#110202001;110202002;110202003;110202004;110202005;110202006;110202007;110202008;110202009;110202010;110202011;110202012;110202013;110202014;110202015;110202016;110202017;110202018;110202019;110202020;110202021;110202022;110202023;110202024;110202025;110202026;110202027;110202028;110202029;110202030;110202031;110202032;110202033;110202034;110202035;110202036;110202037;110202038;110202039;110202040;110202041;110202042;110202043;110202044;110202045;110202046;110202047
110106016#2#2#16#1600#0#110202001;110202002;110202003;110202004;110202005;110202006;110202007;110202008;110202009;110202010;110202011;110202012;110202013;110202014;110202015;110202016;110202017;110202018;110202019;110202020;110202021;110202022;110202023;110202024;110202025;110202026;110202027;110202028;110202029;110202030;110202031;110202032;110202033;110202034;110202035;110202036;110202037;110202038;110202039;110202040;110202041;110202042;110202043;110202044;110202045;110202046;110202047
110106017#2#2#17#1700#0#110202001;110202002;110202003;110202004;110202005;110202006;110202007;110202008;110202009;110202010;110202011;110202012;110202013;110202014;110202015;110202016;110202017;110202018;110202019;110202020;110202021;110202022;110202023;110202024;110202025;110202026;110202027;110202028;110202029;110202030;110202031;110202032;110202033;110202034;110202035;110202036;110202037;110202038;110202039;110202040;110202041;110202042;110202043;110202044;110202045;110202046;110202047
110106018#2#2#18#1800#0#110202001;110202002;110202003;110202004;110202005;110202006;110202007;110202008;110202009;110202010;110202011;110202012;110202013;110202014;110202015;110202016;110202017;110202018;110202019;110202020;110202021;110202022;110202023;110202024;110202025;110202026;110202027;110202028;110202029;110202030;110202031;110202032;110202033;110202034;110202035;110202036;110202037;110202038;110202039;110202040;110202041;110202042;110202043;110202044;110202045;110202046;110202047
110106019#2#2#19#1900#0#110202001;110202002;110202003;110202004;110202005;110202006;110202007;110202008;110202009;110202010;110202011;110202012;110202013;110202014;110202015;110202016;110202017;110202018;110202019;110202020;110202021;110202022;110202023;110202024;110202025;110202026;110202027;110202028;110202029;110202030;110202031;110202032;110202033;110202034;110202035;110202036;110202037;110202038;110202039;110202040;110202041;110202042;110202043;110202044;110202045;110202046;110202047
110106020#2#2#20#2000#0#110202001;110202002;110202003;110202004;110202005;110202006;110202007;110202008;110202009;110202010;110202011;110202012;110202013;110202014;110202015;110202016;110202017;110202018;110202019;110202020;110202021;110202022;110202023;110202024;110202025;110202026;110202027;110202028;110202029;110202030;110202031;110202032;110202033;110202034;110202035;110202036;110202037;110202038;110202039;110202040;110202041;110202042;110202043;110202044;110202045;110202046;110202047
110107001#2#3#1#5#0#110203001;110203002;110203003;110203004;110203005;110203006;110203007;110203008;110203009;110203010;110203011;110203012;110203013;110203014;110203015;110203016;110203017;110203018;110203019
110107002#2#3#2#200#0#110203001;110203002;110203003;110203004;110203005;110203006;110203007;110203008;110203009;110203010;110203011;110203012;110203013;110203014;110203015;110203016;110203017;110203018;110203019
110107003#2#3#3#300#0#110203001;110203002;110203003;110203004;110203005;110203006;110203007;110203008;110203009;110203010;110203011;110203012;110203013;110203014;110203015;110203016;110203017;110203018;110203019
110107004#2#3#4#400#0#110203001;110203002;110203003;110203004;110203005;110203006;110203007;110203008;110203009;110203010;110203011;110203012;110203013;110203014;110203015;110203016;110203017;110203018;110203019
110107005#2#3#5#500#0#110203001;110203002;110203003;110203004;110203005;110203006;110203007;110203008;110203009;110203010;110203011;110203012;110203013;110203014;110203015;110203016;110203017;110203018;110203019;110203020;110203021;110203022;110203023;110203024;110203025;110203026;110203027;110203028;110203029;110203030;110203033;110203032;110203033;110203034;110203035;110203036;110203037;110203038;110203039
110107006#2#3#6#600#0#110203001;110203002;110203003;110203004;110203005;110203006;110203007;110203008;110203009;110203010;110203011;110203012;110203013;110203014;110203015;110203016;110203017;110203018;110203019;110203020;110203021;110203022;110203023;110203024;110203025;110203026;110203027;110203028;110203029;110203030;110203033;110203032;110203033;110203034;110203035;110203036;110203037;110203038;110203039
110107007#2#3#7#700#0#110203001;110203002;110203003;110203004;110203005;110203006;110203007;110203008;110203009;110203010;110203011;110203012;110203013;110203014;110203015;110203016;110203017;110203018;110203019;110203020;110203021;110203022;110203023;110203024;110203025;110203026;110203027;110203028;110203029;110203030;110203033;110203032;110203033;110203034;110203035;110203036;110203037;110203038;110203039
110107008#2#3#8#800#0#110203001;110203002;110203003;110203004;110203005;110203006;110203007;110203008;110203009;110203010;110203011;110203012;110203013;110203014;110203015;110203016;110203017;110203018;110203019;110203020;110203021;110203022;110203023;110203024;110203025;110203026;110203027;110203028;110203029;110203030;110203033;110203032;110203033;110203034;110203035;110203036;110203037;110203038;110203039
110107009#2#3#9#900#0#110203001;110203002;110203003;110203004;110203005;110203006;110203007;110203008;110203009;110203010;110203011;110203012;110203013;110203014;110203015;110203016;110203017;110203018;110203019;110203020;110203021;110203022;110203023;110203024;110203025;110203026;110203027;110203028;110203029;110203030;110203033;110203032;110203033;110203034;110203035;110203036;110203037;110203038;110203039
110107010#2#3#10#1000#0#110203001;110203002;110203003;110203004;110203005;110203006;110203007;110203008;110203009;110203010;110203011;110203012;110203013;110203014;110203015;110203016;110203017;110203018;110203019;110203020;110203021;110203022;110203023;110203024;110203025;110203026;110203027;110203028;110203029;110203030;110203033;110203032;110203033;110203034;110203035;110203036;110203037;110203038;110203039;110203040;110203041;110203042;110203043;110203044;110203045;110203046;110203047;110203048;110203049;110203050;110203051;110203052;110203053;110203054;110203055;110203056;110203057;110203058;110203059
110107011#2#3#11#1100#0#110203001;110203002;110203003;110203004;110203005;110203006;110203007;110203008;110203009;110203010;110203011;110203012;110203013;110203014;110203015;110203016;110203017;110203018;110203019;110203020;110203021;110203022;110203023;110203024;110203025;110203026;110203027;110203028;110203029;110203030;110203033;110203032;110203033;110203034;110203035;110203036;110203037;110203038;110203039;110203040;110203041;110203042;110203043;110203044;110203045;110203046;110203047;110203048;110203049;110203050;110203051;110203052;110203053;110203054;110203055;110203056;110203057;110203058;110203059
110107012#2#3#12#1200#0#110203001;110203002;110203003;110203004;110203005;110203006;110203007;110203008;110203009;110203010;110203011;110203012;110203013;110203014;110203015;110203016;110203017;110203018;110203019;110203020;110203021;110203022;110203023;110203024;110203025;110203026;110203027;110203028;110203029;110203030;110203033;110203032;110203033;110203034;110203035;110203036;110203037;110203038;110203039;110203040;110203041;110203042;110203043;110203044;110203045;110203046;110203047;110203048;110203049;110203050;110203051;110203052;110203053;110203054;110203055;110203056;110203057;110203058;110203059
110107013#2#3#13#1300#0#110203001;110203002;110203003;110203004;110203005;110203006;110203007;110203008;110203009;110203010;110203011;110203012;110203013;110203014;110203015;110203016;110203017;110203018;110203019;110203020;110203021;110203022;110203023;110203024;110203025;110203026;110203027;110203028;110203029;110203030;110203033;110203032;110203033;110203034;110203035;110203036;110203037;110203038;110203039;110203040;110203041;110203042;110203043;110203044;110203045;110203046;110203047;110203048;110203049;110203050;110203051;110203052;110203053;110203054;110203055;110203056;110203057;110203058;110203059
110107014#2#3#14#1400#0#110203001;110203002;110203003;110203004;110203005;110203006;110203007;110203008;110203009;110203010;110203011;110203012;110203013;110203014;110203015;110203016;110203017;110203018;110203019;110203020;110203021;110203022;110203023;110203024;110203025;110203026;110203027;110203028;110203029;110203030;110203033;110203032;110203033;110203034;110203035;110203036;110203037;110203038;110203039;110203040;110203041;110203042;110203043;110203044;110203045;110203046;110203047;110203048;110203049;110203050;110203051;110203052;110203053;110203054;110203055;110203056;110203057;110203058;110203059
110107015#2#3#15#1500#0#110203001;110203002;110203003;110203004;110203005;110203006;110203007;110203008;110203009;110203010;110203011;110203012;110203013;110203014;110203015;110203016;110203017;110203018;110203019;110203020;110203021;110203022;110203023;110203024;110203025;110203026;110203027;110203028;110203029;110203030;110203033;110203032;110203033;110203034;110203035;110203036;110203037;110203038;110203039;110203040;110203041;110203042;110203043;110203044;110203045;110203046;110203047;110203048;110203049;110203050;110203051;110203052;110203053;110203054;110203055;110203056;110203057;110203058;110203059
110107016#2#3#16#1600#0#110203001;110203002;110203003;110203004;110203005;110203006;110203007;110203008;110203009;110203010;110203011;110203012;110203013;110203014;110203015;110203016;110203017;110203018;110203019;110203020;110203021;110203022;110203023;110203024;110203025;110203026;110203027;110203028;110203029;110203030;110203033;110203032;110203033;110203034;110203035;110203036;110203037;110203038;110203039;110203040;110203041;110203042;110203043;110203044;110203045;110203046;110203047;110203048;110203049;110203050;110203051;110203052;110203053;110203054;110203055;110203056;110203057;110203058;110203059
110107017#2#3#17#1700#0#110203001;110203002;110203003;110203004;110203005;110203006;110203007;110203008;110203009;110203010;110203011;110203012;110203013;110203014;110203015;110203016;110203017;110203018;110203019;110203020;110203021;110203022;110203023;110203024;110203025;110203026;110203027;110203028;110203029;110203030;110203033;110203032;110203033;110203034;110203035;110203036;110203037;110203038;110203039;110203040;110203041;110203042;110203043;110203044;110203045;110203046;110203047;110203048;110203049;110203050;110203051;110203052;110203053;110203054;110203055;110203056;110203057;110203058;110203059
110107018#2#3#18#1800#0#110203001;110203002;110203003;110203004;110203005;110203006;110203007;110203008;110203009;110203010;110203011;110203012;110203013;110203014;110203015;110203016;110203017;110203018;110203019;110203020;110203021;110203022;110203023;110203024;110203025;110203026;110203027;110203028;110203029;110203030;110203033;110203032;110203033;110203034;110203035;110203036;110203037;110203038;110203039;110203040;110203041;110203042;110203043;110203044;110203045;110203046;110203047;110203048;110203049;110203050;110203051;110203052;110203053;110203054;110203055;110203056;110203057;110203058;110203059
110107019#2#3#19#1900#0#110203001;110203002;110203003;110203004;110203005;110203006;110203007;110203008;110203009;110203010;110203011;110203012;110203013;110203014;110203015;110203016;110203017;110203018;110203019;110203020;110203021;110203022;110203023;110203024;110203025;110203026;110203027;110203028;110203029;110203030;110203033;110203032;110203033;110203034;110203035;110203036;110203037;110203038;110203039;110203040;110203041;110203042;110203043;110203044;110203045;110203046;110203047;110203048;110203049;110203050;110203051;110203052;110203053;110203054;110203055;110203056;110203057;110203058;110203059
110107020#2#3#20#2000#0#110203001;110203002;110203003;110203004;110203005;110203006;110203007;110203008;110203009;110203010;110203011;110203012;110203013;110203014;110203015;110203016;110203017;110203018;110203019;110203020;110203021;110203022;110203023;110203024;110203025;110203026;110203027;110203028;110203029;110203030;110203033;110203032;110203033;110203034;110203035;110203036;110203037;110203038;110203039;110203040;110203041;110203042;110203043;110203044;110203045;110203046;110203047;110203048;110203049;110203050;110203051;110203052;110203053;110203054;110203055;110203056;110203057;110203058;110203059
110108001#2#4#1#5#0#110204001;110204002;110204003;110204004;110204005
110108002#2#4#2#200#0#110204001;110204002;110204003;110204004;110204005
110108003#2#4#3#300#0#110204001;110204002;110204003;110204004;110204005
110108004#2#4#4#400#0#110204001;110204002;110204003;110204004;110204005
110108005#2#4#5#500#0#110204001;110204002;110204003;110204004;110204005;110204006;110204007;110204008;110204009;110204010
110108006#2#4#6#600#0#110204001;110204002;110204003;110204004;110204005;110204006;110204007;110204008;110204009;110204010
110108007#2#4#7#700#0#110204001;110204002;110204003;110204004;110204005;110204006;110204007;110204008;110204009;110204010
110108008#2#4#8#800#0#110204001;110204002;110204003;110204004;110204005;110204006;110204007;110204008;110204009;110204010
110108009#2#4#9#900#0#110204001;110204002;110204003;110204004;110204005;110204006;110204007;110204008;110204009;110204010
110108010#2#4#10#1000#0#110204001;110204002;110204003;110204004;110204005;110204006;110204007;110204008;110204009;110204010;110204011;110204012;110204013;110204014;110204015
110108011#2#4#11#1100#0#110204001;110204002;110204003;110204004;110204005;110204006;110204007;110204008;110204009;110204010;110204011;110204012;110204013;110204014;110204015
110108012#2#4#12#1200#0#110204001;110204002;110204003;110204004;110204005;110204006;110204007;110204008;110204009;110204010;110204011;110204012;110204013;110204014;110204015
110108013#2#4#13#1300#0#110204001;110204002;110204003;110204004;110204005;110204006;110204007;110204008;110204009;110204010;110204011;110204012;110204013;110204014;110204015
110108014#2#4#14#1400#0#110204001;110204002;110204003;110204004;110204005;110204006;110204007;110204008;110204009;110204010;110204011;110204012;110204013;110204014;110204015
110108015#2#4#15#1500#0#110204001;110204002;110204003;110204004;110204005;110204006;110204007;110204008;110204009;110204010;110204011;110204012;110204013;110204014;110204015
110108016#2#4#16#1600#0#110204001;110204002;110204003;110204004;110204005;110204006;110204007;110204008;110204009;110204010;110204011;110204012;110204013;110204014;110204015
110108017#2#4#17#1700#0#110204001;110204002;110204003;110204004;110204005;110204006;110204007;110204008;110204009;110204010;110204011;110204012;110204013;110204014;110204015
110108018#2#4#18#1800#0#110204001;110204002;110204003;110204004;110204005;110204006;110204007;110204008;110204009;110204010;110204011;110204012;110204013;110204014;110204015
110108019#2#4#19#1900#0#110204001;110204002;110204003;110204004;110204005;110204006;110204007;110204008;110204009;110204010;110204011;110204012;110204013;110204014;110204015
110108020#2#4#20#2000#0#110204001;110204002;110204003;110204004;110204005;110204006;110204007;110204008;110204009;110204010;110204011;110204012;110204013;110204014;110204015
110109001#2#5#1#5#0#110205001
110109002#2#5#2#200#0#110205001
110109003#2#5#3#300#0#110205001
110109004#2#5#4#400#0#110205001
110109005#2#5#5#500#0#110205001;110205002
110109006#2#5#6#600#0#110205001;110205002
110109007#2#5#7#700#0#110205001;110205002
110109008#2#5#8#800#0#110205001;110205002
110109009#2#5#9#900#0#110205001;110205002
110109010#2#5#10#1000#0#110205001;110205002;110205003
110109011#2#5#11#1100#0#110205001;110205002;110205003
110109012#2#5#12#1200#0#110205001;110205002;110205003
110109013#2#5#13#1300#0#110205001;110205002;110205003
110109014#2#5#14#1400#0#110205001;110205002;110205003
110109015#2#5#15#1500#0#110205001;110205002;110205003
110109016#2#5#16#1600#0#110205001;110205002;110205003
110109017#2#5#17#1700#0#110205001;110205002;110205003
110109018#2#5#18#1800#0#110205001;110205002;110205003
110109019#2#5#19#1900#0#110205001;110205002;110205003
110109020#2#5#20#2000#0#110205001;110205002;110205003