
150110001#150210000#1#1#210181001#1#0##0#0#1#2,600#2#1|4;1;220120115|3;120#390110001#390110101#3333#500#50#180100001,1,180100002,10,180100003,10,180101002,1,160110101,1#0#0###370110101,370110203
150110002#150210000#1#1#210181002#1#0##0#0#1#2,600#2#1|4;1;220120115|3;120#390110001#390110101#3333#500#50#180100001,1,180100002,10,180100003,10,180101002,1,160110101,1#0#0###370110102,370110204
150120001#150220000#2#1#210181001#11#0##5#2#1#2,600#2#1|4;1;220120115|3;120#390110001#390110101#3333#500#50#180100001,1,180100002,10,180100003,10,180101002,1,160110101,1#0#0##220120106#370140201
150120002#150220000#2#1#210181002#16#0##5#2#1#2,600#2#1|4;1;220120210|3;120#390110001#390110101#3333#500#50#180100001,1,180100002,10,180100003,10,180101002,1,160110101,1#0#0##220120206#370140101
150120003#150220000#2#1#210181001#21#0##5#2#1#2,600#2#1|4;1;220120210|3;120#390110001#390110101#3333#500#50#180100001,1,180100002,10,180100003,10,180101002,1,160110101,1#0#0##220120106#370140501
150120004#150220000#2#1#210181002#26#0##5#2#1#2,600#2#1|4;1;220120210|3;120#390110001#390110101#3333#500#50#180100001,1,180100002,10,180100003,10,180101002,1,160110101,1#0#0##220120206#370140601
150130101#150230100#11#2#210181003#1#0##0#0#1#4,480,370180303,20,220120306,220120312#2#1|5;50|4;2;220120312#390110001#390110101#3333#500#50000#180100001,1,180100002,10,180100003,10,180101002,1,160110101,1#0#0###
150130102#150230100#11#2#210181003#16#0##0#0#1#4,480,370180303,20,220120306,220120312#2#1|5;50|4;2;220120312#390110001#390110101#3333#500#150000#180100001,1,180100002,10,180100003,10,180101002,1,160110101,1#0#0###
150130103#150230100#11#2#210181003#26#0##0#0#1#4,480,370180303,20,220120306,220120312#2#1|5;50|4;2;220120312#390110001#390110101#3333#500#300000#180100001,1,180100002,10,180100003,10,180101002,1,160110101,1#0#0###
150130201#150230200#11#3#210181004#1#0##0#0#1#3,220120400#2#1|2;1|4;2;220120412#390110001#390110101#3333#5000#50#180100001,1,180100002,10,180100003,10,180101002,1,160110101,1#0#0###
150130202#150230200#11#3#210181004#16#0##0#0#1#3,220120400#2#1|2;1|4;2;220120412#390110001#390110101#3333#15000#50#180100001,1,180100002,10,180100003,10,180101002,1,160110101,1#0#0###
150130203#150230200#11#3#210181004#26#0##0#0#1#3,220120400#2#1|2;1|4;2;220120412#390110001#390110101#3333#30000#50#180100001,1,180100002,10,180100003,10,180101002,1,160110101,1#0#0###
150140101#150240100#31#4#210181003#1#0##5#3#1#4,480,370180303,20,220120306,220120312#2#1|5;50|4;2;220120312#390110001#390110101#3333#500#50#180100001,1,180100002,10,180100003,10,180101002,1,160110101,1#0#0###
150140102#150240100#31#4#210181003#1#0##5#3#1#4,480,370180303,20,220120306,220120312#2#1|5;50|4;2;220120312#390110001#390110101#3333#500#50#180100001,1,180100002,10,180100003,10,180101002,1,160110101,1#0#0###
150140103#150240100#31#4#210181003#1#0##5#3#1#4,480,370180303,20,220120306,220120312#2#1|5;50|4;2;220120312#390110001#390110101#3333#500#50#180100001,1,180100002,10,180100003,10,180101002,1,160110101,1#0#0###
150140201#150240200#32#4#210181004#1#0##5#3#1#3,220120400#2#1|2;1|4;2;220120412#390110001#390110101#3333#500#50#180100001,1,180100002,10,180100003,10,180101002,1,160110101,1#0#0###
150140202#150240200#32#4#210181004#1#0##5#3#1#3,220120400#2#1|2;1|4;2;220120412#390110001#390110101#3333#500#50#180100001,1,180100002,10,180100003,10,180101002,1,160110101,1#0#0###
150140203#150240200#32#4#210181004#1#0##5#3#1#3,220120400#2#1|2;1|4;2;220120412#390110001#390110101#3333#500#50#180100001,1,180100002,10,180100003,10,180101002,1,160110101,1#0#0###